583 482 862 553
521 598 482 862
557 78 79 811
77 79 78 445
96 806 369 252
304 252 369 89
821 792 717 163
792 821 788 614
64 644 6 489
489 64 5 528
677 810 409 118
624 409 651 13
736 410 153 578
355 577 410 578
271 411 132 807
271 411 131 784
966 80 679 671
679 716 671 80
876 462 701 463
876 463 701 462
759 253 726 471
560 759 726 507
665 859 971 888
991 886 174 888
212 42 787 434
787 87 607 105
422 934 533 154
155 533 518 154
431 612 433 162
364 217 432 643
106 405 102 892
405 828 773 771
144 492 186 254
254 144 492 186
583 553 554 862 134 521
766 554 340 583 862 521
848 539 581 445 497 531
77 483 811 79 848 497
917 908 593 41 94 205
41 128 593 776 970 751
356 475 66 328 258 329
90 478 66 375 108 514
88 303 96 924 806 750
89 96 630 740 252 88
717 614 163 821 788 792
821 717 614 163 788 792
528 5 64 644 489 6
489 5 64 528 644 6
409 13 677 624 118 651
118 651 409 624 810 420
410 577 153 736 109 559
577 559 109 736 454 410
737 864 411 271 132 784
411 271 807 864 132 131
875 726 253 471 507 831
507 560 831 875 759 726
665 812 859 174 991 888
971 886 991 174 859 888
434 763 105 87 424 42
460 607 105 434 16 42
546 533 154 513 518 363
533 155 422 363 615 518
372 752 373 166 932 121
62 107 693 372 86 594
152 84 217 50 643 71
431 162 71 70 152 217
892 102 106 771 891 405
405 173 106 300 102 889
598 134 553 521 340 482 554 766
598 340 766 554 553 521 482 862
497 79 483 445 848 77 581 811
811 79 531 539 77 497 557 848
974 205 196 51 593 94 970 776
94 908 196 955 974 751 204 970
491 834 745 939 995 942 948 960
491 782 610 837 435 537 619 616
111 477 652 66 328 475 356 90
356 478 258 143 328 652 329 514
894 538 923 72 259 962 733 945
416 325 825 306 723 733 923 10
38 588 721 35 39 25 878 34
23 37 34 27 878 997 35 722
116 115 338 136 978 337 123 724
914 439 883 337 724 165 169 135
770 124 100 687 323 99 640 97
935 708 371 125 842 768 98 618
239 209 241 927 237 631 639 236
879 243 235 977 637 926 244 236
369 96 252 302 89 303 630 750
89 96 750 369 806 302 304 924
55 455 604 986 867 898 949 211
728 552 481 866 988 646 949 469
669 591 597 793 783 673 596 230
786 783 730 597 591 495 695 641
118 810 624 651 420 409 677 301
118 651 420 624 810 677 13 301
410 577 736 578 559 109 769 153
410 559 454 109 578 355 153 736
411 271 737 784 807 132 864 131
784 737 132 131 864 271 411 807
471 759 253 560 831 726 507 875
759 471 507 875 253 831 560 726
991 888 812 859 175 886 174 971
859 174 175 991 886 971 665 888
460 212 105 42 424 87 16 787
87 105 763 607 561 42 787 16
363 145 984 615 546 422 518 954
984 615 954 518 154 145 546 155
601 283 86 160 950 107 932 142
107 601 282 62 950 494 83 142
364 433 431 84 217 162 643 70
152 50 433 84 217 288 364 432
405 771 102 638 892 891 828 889
638 891 300 106 773 405 102 828
