862 766 553 554
598 340 862 553
811 531 848 539
77 811 445 557
302 303 304 806
96 89 88 806
788 717 792 163
821 792 788 717
528 5 6 489
644 64 489 5
118 420 13 651
301 624 420 677
153 769 736 355
769 577 578 153
132 131 411 737
864 131 271 807
679 966 80 716
80 966 671 679
463 701 462 876
701 876 463 462
560 831 759 875
831 507 560 759
859 886 175 174
812 859 991 665
16 87 105 787
16 424 105 87
546 422 145 155
363 934 954 615
432 654 288 70
364 612 50 643
173 106 828 771
892 106 889 771
144 492 186 254
254 186 144 492
521 766 554 340 598 862
766 554 598 583 553 134
848 445 78 77 581 539
483 811 77 539 531 78
205 820 776 908 974 41
204 593 974 128 751 776
258 477 514 329 375 652
357 143 478 112 110 258
750 806 304 88 369 740
302 924 369 89 750 740
163 792 614 717 821 788
163 788 792 821 614 717
528 5 6 489 644 64
644 64 6 489 528 5
301 624 118 651 810 677
420 677 13 409 810 651
109 577 454 736 355 578
454 410 736 559 578 153
864 784 411 271 132 807
271 132 131 784 864 411
831 471 875 560 759 507
507 726 831 471 875 253
991 888 175 665 886 971
175 665 888 174 886 991
763 424 434 42 212 16
607 42 460 561 87 424
422 513 145 363 954 155
954 155 422 984 546 934
366 107 142 121 494 693
752 693 601 366 86 932
71 432 433 217 162 431
433 84 152 364 612 162
771 773 891 102 300 405
102 173 828 896 889 405
553 766 554 521 134 340 862 598
521 598 554 134 553 862 340 583
78 581 79 848 445 531 557 811
78 79 581 531 811 483 497 557
970 861 820 776 908 196 51 128
955 974 205 918 861 204 751 94
995 686 537 548 939 834 255 435
453 613 745 619 548 127 491 490
90 652 108 112 258 356 475 66
652 328 108 66 514 329 989 112
535 962 777 22 890 72 945 416
72 327 975 92 894 885 923 22
39 26 28 23 915 878 34 31
32 31 28 33 38 37 721 24
860 169 115 439 900 251 337 978
883 439 165 115 135 978 816 609
125 354 640 100 768 935 687 709
185 768 100 97 323 371 618 101
239 930 210 639 931 242 243 319
599 637 210 159 238 240 242 237
89 924 806 302 303 369 304 750
89 806 303 750 740 88 96 252
481 867 986 285 455 949 866 898
809 469 898 728 646 54 949 55
730 906 793 669 512 786 597 147
742 541 596 279 641 519 906 793
651 301 420 13 624 409 118 677
651 13 301 409 624 118 677 420
109 736 559 769 577 355 454 578
454 410 577 736 153 578 355 559
131 737 132 784 864 271 807 411
737 132 411 131 271 807 864 784
875 726 759 253 831 560 507 471
875 507 560 726 253 471 831 759
886 888 971 175 812 665 859 174
971 991 886 859 665 175 812 888
87 561 105 212 763 607 434 787
460 561 42 787 763 607 212 424
518 513 533 145 546 934 422 363
533 934 145 422 513 615 155 518
594 282 494 601 373 121 160 283
49 752 693 166 142 121 62 86
70 432 433 431 217 612 643 152
433 654 364 71 84 288 50 152
173 889 773 300 892 102 896 405
896 638 771 106 889 173 773 828