0 0
1 0
2 22
3 22
4 22
5 22
6 22
7 24
8 24
9 24
10 0
11 24
12 24
13 26
14 25
15 23
16 0
17 0
18 0
19 24
20 0
21 0
22 0
23 26
24 26
25 26
26 26
27 26
28 26
29 26
30 26
31 26
32 26
33 26
34 26
35 26
36 26
37 26
38 26
39 26
40 26
41 25
42 0
43 24
44 24
45 23
46 23
47 26
48 26
49 0
50 0
51 25
52 10
53 25
54 22
55 22
56 22
57 22
58 22
59 22
60 10
61 10
62 0
63 22
64 25
65 25
66 0
67 0
68 0
69 0
70 0
71 0
72 0
73 0
74 0
75 26
76 26
77 0
78 0
79 0
80 0
81 0
82 0
83 0
84 0
85 0
86 0
87 0
88 22
89 22
90 0
91 0
92 0
93 26
94 25
95 25
96 26
97 23
98 23
99 23
100 23
101 23
102 22
103 10
104 10
105 0
106 0
107 0
108 0
109 0
110 0
111 0
112 0
113 26
114 26
115 26
116 26
117 0
118 0
119 26
120 0
121 0
122 10
123 26
124 23
125 23
126 22
127 0
128 25
129 25
130 10
131 22
132 22
133 26
134 7
135 26
136 26
137 22
138 22
139 23
140 23
141 24
142 0
143 0
144 0
145 0
146 0
147 0
148 10
149 10
150 10
151 26
152 0
153 0
154 0
155 0
156 10
157 10
158 22
159 22
160 0
161 24
162 0
163 0
164 23
165 26
166 0
167 25
168 25
169 26
170 26
171 26
172 25
173 0
174 22
175 22
176 25
177 0
178 10
179 10
180 10
181 10
182 10
183 25
184 0
185 23
186 0
187 0
188 0
189 0
190 0
191 10
192 22
193 22
194 22
195 22
196 25
197 25
198 25
199 25
200 25
201 25
202 25
203 25
204 25
205 25
206 25
207 25
208 22
209 22
210 22
211 22
212 0
213 24
214 10
215 0
216 23
217 0
218 0
219 0
220 0
221 0
222 0
223 0
224 0
225 0
226 0
227 0
228 0
229 26
230 0
231 10
232 25
233 22
234 22
235 22
236 22
237 22
238 22
239 22
240 22
241 22
242 22
243 22
244 22
245 26
246 24
247 24
248 0
249 0
250 10
251 26
252 22
253 0
254 0
255 0
256 0
257 25
258 0
259 0
260 0
261 26
262 10
263 26
264 24
265 24
266 24
267 24
268 0
269 23
270 25
271 22
272 23
273 23
274 23
275 25
276 25
277 10
278 10
279 0
280 25
281 22
282 0
283 0
284 10
285 22
286 22
287 0
288 0
289 25
290 25
291 25
292 25
293 24
294 25
295 10
296 10
297 0
298 0
299 0
300 0
301 23
302 22
303 22
304 22
305 22
306 0
307 0
308 10
309 0
310 0
311 0
312 0
313 0
314 0
315 0
316 0
317 0
318 26
319 22
320 10
321 10
322 23
323 23
324 24
325 0
326 0
327 0
328 0
329 0
330 26
331 0
332 24
333 26
334 23
335 23
336 26
337 26
338 26
339 26
340 0
341 0
342 10
343 10
344 10
345 10
346 10
347 10
348 10
349 10
350 10
351 10
352 10
353 23
354 23
355 0
356 0
357 0
358 24
359 24
360 24
361 26
362 24
363 0
364 0
365 0
366 0
367 26
368 10
369 22
370 26
371 23
372 0
373 22
374 24
375 0
376 10
377 10
378 10
379 10
380 10
381 10
382 10
383 10
384 10
385 10
386 10
387 10
388 10
389 10
390 10
391 10
392 10
393 10
394 10
395 10
396 10
397 10
398 10
399 25
400 0
401 25
402 10
403 25
404 23
405 0
406 24
407 24
408 22
409 26
410 0
411 22
412 22
413 25
414 10
415 10
416 0
417 26
418 0
419 0
420 0
421 24
422 0
423 26
424 0
425 25
426 25
427 26
428 23
429 23
430 24
431 0
432 0
433 0
434 0
435 0
436 26
437 26
438 26
439 26
440 25
441 24
442 26
443 26
444 26
445 0
446 23
447 23
448 23
449 10
450 25
451 24
452 24
453 0
454 0
455 26
456 25
457 25
458 25
459 0
460 0
461 23
462 0
463 0
464 26
465 0
466 24
467 0
468 0
469 0
470 26
471 0
472 0
473 0
474 0
475 0
476 0
477 0
478 0
479 10
480 0
481 22
482 7
483 10
484 25
485 26
486 25
487 24
488 24
489 0
490 0
491 0
492 0
493 25
494 26
495 0
496 24
497 0
498 24
499 24
500 24
501 24
502 24
503 24
504 24
505 24
506 24
507 0
508 0
509 0
510 24
511 10
512 0
513 0
514 0
515 25
516 22
517 22
518 0
519 0
520 22
521 7
522 25
523 25
524 0
525 24
526 25
527 26
528 22
529 24
530 24
531 0
532 22
533 0
534 25
535 0
536 0
537 10
538 0
539 0
540 0
541 0
542 25
543 25
544 25
545 26
546 0
547 26
548 0
549 0
550 0
551 0
552 22
553 7
554 7
555 24
556 25
557 25
558 24
559 0
560 0
561 0
562 25
563 25
564 22
565 24
566 24
567 25
568 25
569 24
570 24
571 22
572 25
573 24
574 25
575 10
576 25
577 0
578 0
579 23
580 1
581 25
582 0
583 7
584 25
585 25
586 22
587 22
588 26
589 0
590 26
591 0
592 23
593 25
594 0
595 10
596 0
597 0
598 7
599 22
600 25
601 0
602 24
603 10
604 22
605 10
606 0
607 0
608 24
609 26
610 22
611 25
612 0
613 0
614 0
615 0
616 0
617 23
618 23
619 22
620 25
621 10
622 22
623 25
624 23
625 22
626 0
627 0
628 10
629 0
630 22
631 22
632 10
633 2
634 22
635 22
636 22
637 22
638 0
639 22
640 23
641 0
642 0
643 0
644 23
645 10
646 22
647 0
648 3
649 24
650 0
651 23
652 0
653 4
654 0
655 26
656 10
657 23
658 5
659 10
660 6
661 24
662 23
663 0
664 25
665 22
666 24
667 0
668 10
669 0
670 8
671 0
672 24
673 0
674 24
675 9
676 23
677 25
678 0
679 0
680 10
681 10
682 10
683 22
684 11
685 22
686 0
687 23
688 25
689 25
690 0
691 12
692 10
693 0
694 25
695 0
696 0
697 10
698 22
699 24
700 24
701 0
702 0
703 13
704 0
705 25
706 25
707 24
708 23
709 23
710 0
711 14
712 25
713 0
714 25
715 0
716 22
717 22
718 22
719 10
720 24
721 26
722 26
723 0
724 0
725 26
726 0
727 0
728 0
729 24
730 0
731 15
732 16
733 0
734 10
735 23
736 0
737 22
738 22
739 0
740 25
741 10
742 0
743 22
744 17
745 0
746 18
747 0
748 0
749 25
750 22
751 25
752 0
753 26
754 24
755 22
756 0
757 26
758 0
759 0
760 23
761 10
762 22
763 22
764 0
765 24
766 7
767 26
768 23
769 0
770 23
771 0
772 19
773 0
774 22
775 0
776 25
777 0
778 24
779 25
780 0
781 10
782 10
783 0
784 22
785 26
786 0
787 0
788 22
789 25
790 25
791 25
792 0
793 0
794 23
795 26
796 0
797 10
798 20
799 0
800 0
801 25
802 25
803 22
804 24
805 24
806 22
807 22
808 21
809 22
810 10
811 0
812 22
813 25
814 10
815 22
816 26
817 25
818 0
819 23
820 25
821 0
822 25
823 24
824 10
825 0
826 22
827 24
828 0
829 25
830 24
831 0
832 22
833 24
834 0
835 25
836 25
837 0
838 23
839 10
840 25
841 10
842 22
843 25
844 26
845 22
846 10
847 26
848 0
849 22
850 25
851 10
852 10
853 0
854 22
855 0
856 24
857 23
858 0
859 22
860 26
861 10
862 0
863 22
864 22
865 22
866 0
867 7
868 10
869 10
870 25
871 10
872 0
873 25
874 25
875 26
876 22
877 0
878 26
879 22
880 22
881 26
882 0
883 26
884 22
885 0
886 22
887 0
888 22
889 0
890 0
891 0
892 0
893 24
894 0
895 26
896 0
897 26
898 22
899 22
900 26
901 22
902 22
903 10
904 10
905 0
906 0
907 10
908 25
909 25
910 25
911 0
912 24
913 24
914 26
915 26
916 10
917 25
918 25
919 26
920 0
921 22
922 24
923 0
924 22
925 26
926 22
927 22
928 22
929 23
930 22
931 22
932 0
933 23
934 0
935 23
936 25
937 23
938 25
939 25
940 25
941 0
942 0
943 10
944 0
945 0
946 0
947 10
948 10
949 22
950 24
951 24
952 0
953 26
954 0
955 25
956 24
957 24
958 0
959 10
960 10
961 10
962 0
963 22
964 26
965 25
966 0
967 24
968 0
969 0
970 25
971 24
972 24
973 24
974 25
975 24
976 26
977 22
978 26
979 0
980 26
981 26
982 22
983 26
984 0
985 10
986 26
987 26
988 22
989 0
990 22
991 22
992 25
993 22
994 22
995 25
996 24
997 26
998 25
999 0
1000 25
1001 22
1002 0
1003 0
1004 22
